28 2018 8 10 chck
10 2018 11 29 chck
17 2018 11 29 chck
13 2018 11 29 ret
10 2018 11 29 ret
2 2018 11 29 ret
2 2018 11 29 ret
2 2018 11 29 ret
2 2018 11 29 ret
2 2018 11 29 ret
2 2018 11 29 ret
2 2018 11 29 ret
2 2018 11 29 ret
2 2018 11 29 ret
2 2018 11 29 ret
1 2018 11 30 chck
10 2018 11 30 chck
10 2018 11 30 chck
4 2018 11 30 ret
10 2018 11 30 chck
4 2018 11 30 ret
1 2018 11 30 chck
1 2018 11 30 chck
1 2018 11 30 chck
1 2018 11 30 chck
1 2018 11 30 chck
4 2018 11 30 chck
1 2018 11 30 chck
1 2018 11 30 chck
1 2018 11 30 chck
1 2018 11 30 chck
1 2018 11 30 ret
0 2018 11 30 chck
1 2018 11 30 chck
1 2018 11 30 chck
1 2018 11 30 ret
4 2018 12 7 ret
4 2018 12 7 ret
12 2018 12 12 chck
12 2018 12 12 ret
12 2018 12 12 chck
12 2018 12 12 chck
12 2018 12 12 ret
12 2018 12 12 chck
12 2018 12 12 chck
12 2018 12 12 ret
12 2018 12 12 chck
12 2018 12 12 ret
12 2018 12 12 chck
12 2018 12 12 ret
12 2018 12 12 chck
12 2018 12 12 ret
0 2018 12 12 chck
0 2018 12 12 ret
12 2018 12 12 chck
12 2018 12 12 chck
12 2018 12 12 ret
12 2018 12 12 chck
12 2018 12 12 ret
22 2018 12 12 chck
2 2018 12 12 ret
4 2018 12 13 ret
12 2018 12 13 chck
12 2018 12 13 ret
22 2018 12 13 chck
10 2018 12 13 chck
12 2018 12 13 chck
2 2018 12 13 ret
2 2018 12 13 chck
12 2018 12 13 chck
12 2018 12 13 ret
2 2018 12 13 ret
2 2018 12 13 chck
2 2018 12 13 ret
12 2018 12 13 chck
